(kicad_pcb (version 20171130) (host pcbnew "(5.0.0-3-g5ebb6b6)")

  (general
    (thickness 1.6)
    (drawings 6)
    (tracks 0)
    (zones 0)
    (modules 19)
    (nets 10)
  )

  (page A4)
  (layers
    (0 F.Cu signal)
    (31 B.Cu signal)
    (32 B.Adhes user hide)
    (33 F.Adhes user hide)
    (34 B.Paste user hide)
    (35 F.Paste user hide)
    (36 B.SilkS user)
    (37 F.SilkS user)
    (38 B.Mask user hide)
    (39 F.Mask user hide)
    (40 Dwgs.User user)
    (41 Cmts.User user)
    (42 Eco1.User user)
    (43 Eco2.User user)
    (44 Edge.Cuts user)
    (45 Margin user)
    (46 B.CrtYd user)
    (47 F.CrtYd user)
    (48 B.Fab user)
    (49 F.Fab user)
  )

  (setup
    (last_trace_width 0.25)
    (trace_clearance 0.2)
    (zone_clearance 0.508)
    (zone_45_only no)
    (trace_min 0.2)
    (segment_width 0.2)
    (edge_width 0.15)
    (via_size 0.8)
    (via_drill 0.4)
    (via_min_size 0.4)
    (via_min_drill 0.3)
    (uvia_size 0.3)
    (uvia_drill 0.1)
    (uvias_allowed no)
    (uvia_min_size 0.2)
    (uvia_min_drill 0.1)
    (pcb_text_width 0.3)
    (pcb_text_size 1.5 1.5)
    (mod_edge_width 0.15)
    (mod_text_size 1 1)
    (mod_text_width 0.15)
    (pad_size 1.524 1.524)
    (pad_drill 0.762)
    (pad_to_mask_clearance 0.2)
    (aux_axis_origin 0 0)
    (visible_elements FFFFFF7F)
    (pcbplotparams
      (layerselection 0x010fc_ffffffff)
      (usegerberextensions false)
      (usegerberattributes false)
      (usegerberadvancedattributes false)
      (creategerberjobfile false)
      (excludeedgelayer true)
      (linewidth 0.100000)
      (plotframeref false)
      (viasonmask false)
      (mode 1)
      (useauxorigin false)
      (hpglpennumber 1)
      (hpglpenspeed 20)
      (hpglpendiameter 15.000000)
      (psnegative false)
      (psa4output false)
      (plotreference true)
      (plotvalue true)
      (plotinvisibletext false)
      (padsonsilk false)
      (subtractmaskfromsilk false)
      (outputformat 1)
      (mirror false)
      (drillshape 1)
      (scaleselection 1)
      (outputdirectory ""))
  )

  (net 0 "")
  (net 1 /SDA)
  (net 2 +3V3)
  (net 3 GND)
  (net 4 /SCL)
  (net 5 "Net-(R1-Pad1)")
  (net 6 "Net-(R2-Pad1)")
  (net 7 "Net-(R3-Pad1)")
  (net 8 +5V)
  (net 9 "Net-(C6-Pad2)")

  (net_class Default "This is the default net class."
    (clearance 0.2)
    (trace_width 0.25)
    (via_dia 0.8)
    (via_drill 0.4)
    (uvia_dia 0.3)
    (uvia_drill 0.1)
    (add_net +3V3)
    (add_net +5V)
    (add_net /SCL)
    (add_net /SDA)
    (add_net GND)
    (add_net "Net-(C6-Pad2)")
    (add_net "Net-(R1-Pad1)")
    (add_net "Net-(R2-Pad1)")
    (add_net "Net-(R3-Pad1)")
  )

  (module footprints:SDP3x (layer F.Cu) (tedit 5BB5C2F4) (tstamp 5BB5C4CA)
    (at 50 32.5)
    (path /5C72214B)
    (fp_text reference U1 (at 0.2 4.9) (layer F.SilkS)
      (effects (font (size 1 1) (thickness 0.15)))
    )
    (fp_text value SDP32 (at -0.1 -4.5) (layer F.Fab)
      (effects (font (size 1 1) (thickness 0.15)))
    )
    (fp_line (start -4.25 -2.75) (end 4.25 -2.75) (layer F.SilkS) (width 0.15))
    (fp_line (start 4.25 -2.75) (end 4.25 2.75) (layer F.SilkS) (width 0.15))
    (fp_line (start 4.25 2.75) (end -4.25 2.75) (layer F.SilkS) (width 0.15))
    (fp_line (start -4.25 2.75) (end -4.25 -2.75) (layer F.SilkS) (width 0.15))
    (pad 16 smd rect (at -2 -2.25) (size 0.4 0.75) (drill (offset 0 0.175)) (layers F.Cu F.Paste F.Mask))
    (pad 15 smd rect (at -1 -2.25) (size 0.4 0.75) (drill (offset 0 0.175)) (layers F.Cu F.Paste F.Mask))
    (pad 14 smd rect (at 0 -2.25) (size 0.4 0.75) (drill (offset 0 0.175)) (layers F.Cu F.Paste F.Mask))
    (pad 13 smd rect (at 1 -2.25) (size 0.4 0.75) (drill (offset 0 0.175)) (layers F.Cu F.Paste F.Mask))
    (pad 12 smd rect (at 2 -2.25) (size 0.4 0.75) (drill (offset 0 0.175)) (layers F.Cu F.Paste F.Mask))
    (pad 8 smd rect (at 2 2.25) (size 0.4 0.75) (drill (offset 0 -0.175)) (layers F.Cu F.Paste F.Mask)
      (net 1 /SDA))
    (pad 7 smd rect (at 1 2.25) (size 0.4 0.75) (drill (offset 0 -0.175)) (layers F.Cu F.Paste F.Mask)
      (net 2 +3V3))
    (pad 6 smd rect (at 0 2.25) (size 0.4 0.75) (drill (offset 0 -0.175)) (layers F.Cu F.Paste F.Mask)
      (net 3 GND))
    (pad 5 smd rect (at -1 2.25) (size 0.4 0.75) (drill (offset 0 -0.175)) (layers F.Cu F.Paste F.Mask)
      (net 4 /SCL))
    (pad 4 smd rect (at -2 2.25) (size 0.4 0.75) (drill (offset 0 -0.175)) (layers F.Cu F.Paste F.Mask))
    (pad 11 smd rect (at 3 -1) (size 0.75 0.4) (drill (offset -0.175 0)) (layers F.Cu F.Paste F.Mask)
      (net 3 GND))
    (pad 10 smd rect (at 3 0) (size 0.75 0.4) (drill (offset -0.175 0)) (layers F.Cu F.Paste F.Mask)
      (net 3 GND))
    (pad 9 smd rect (at 3 1) (size 0.75 0.4) (drill (offset -0.175 0)) (layers F.Cu F.Paste F.Mask)
      (net 5 "Net-(R1-Pad1)"))
    (pad 3 smd rect (at -3 1) (size 0.75 0.4) (drill (offset 0.175 0)) (layers F.Cu F.Paste F.Mask)
      (net 3 GND))
    (pad 2 smd rect (at -3 0) (size 0.75 0.4) (drill (offset 0.175 0)) (layers F.Cu F.Paste F.Mask)
      (net 3 GND))
    (pad 1 smd rect (at -3 -1) (size 0.75 0.4) (drill (offset 0.175 0)) (layers F.Cu F.Paste F.Mask)
      (net 3 GND))
    (pad "" np_thru_hole circle (at 3.65 -2.15) (size 1 1) (drill 0.7) (layers *.Cu *.Mask))
    (pad "" np_thru_hole circle (at 3.65 2.15) (size 1 1) (drill 0.7) (layers *.Cu *.Mask))
    (pad "" np_thru_hole circle (at -3.65 2.15) (size 1 1) (drill 0.7) (layers *.Cu *.Mask))
    (pad "" smd custom (at 0 -0.85) (size 0.1 0.1) (layers F.Cu F.Paste F.Mask)
      (zone_connect 0)
      (options (clearance outline) (anchor rect))
      (primitives
        (gr_poly (pts
           (xy -0.6 -0.45) (xy 0.9 -0.45) (xy 0.9 0.45) (xy -0.9 0.45) (xy -0.9 -0.15)
) (width 0))
      ))
    (pad "" smd rect (at 0 0.85) (size 1.8 0.9) (layers F.Cu F.Paste F.Mask))
    (model ${KIPRJMOD}/3dmodels/SDP3x.wrl
      (at (xyz 0 0 0))
      (scale (xyz 0.393 0.393 0.393))
      (rotate (xyz -90 0 180))
    )
  )

  (module footprints:SDP3x (layer F.Cu) (tedit 5BB5C2F4) (tstamp 5BB5C4E7)
    (at 40 32.5)
    (path /5C7292EF)
    (fp_text reference U3 (at 0.2 4.9) (layer F.SilkS)
      (effects (font (size 1 1) (thickness 0.15)))
    )
    (fp_text value SDP32 (at -0.1 -4.5) (layer F.Fab)
      (effects (font (size 1 1) (thickness 0.15)))
    )
    (fp_line (start -4.25 2.75) (end -4.25 -2.75) (layer F.SilkS) (width 0.15))
    (fp_line (start 4.25 2.75) (end -4.25 2.75) (layer F.SilkS) (width 0.15))
    (fp_line (start 4.25 -2.75) (end 4.25 2.75) (layer F.SilkS) (width 0.15))
    (fp_line (start -4.25 -2.75) (end 4.25 -2.75) (layer F.SilkS) (width 0.15))
    (pad "" smd rect (at 0 0.85) (size 1.8 0.9) (layers F.Cu F.Paste F.Mask))
    (pad "" smd custom (at 0 -0.85) (size 0.1 0.1) (layers F.Cu F.Paste F.Mask)
      (zone_connect 0)
      (options (clearance outline) (anchor rect))
      (primitives
        (gr_poly (pts
           (xy -0.6 -0.45) (xy 0.9 -0.45) (xy 0.9 0.45) (xy -0.9 0.45) (xy -0.9 -0.15)
) (width 0))
      ))
    (pad "" np_thru_hole circle (at -3.65 2.15) (size 1 1) (drill 0.7) (layers *.Cu *.Mask))
    (pad "" np_thru_hole circle (at 3.65 2.15) (size 1 1) (drill 0.7) (layers *.Cu *.Mask))
    (pad "" np_thru_hole circle (at 3.65 -2.15) (size 1 1) (drill 0.7) (layers *.Cu *.Mask))
    (pad 1 smd rect (at -3 -1) (size 0.75 0.4) (drill (offset 0.175 0)) (layers F.Cu F.Paste F.Mask)
      (net 3 GND))
    (pad 2 smd rect (at -3 0) (size 0.75 0.4) (drill (offset 0.175 0)) (layers F.Cu F.Paste F.Mask)
      (net 3 GND))
    (pad 3 smd rect (at -3 1) (size 0.75 0.4) (drill (offset 0.175 0)) (layers F.Cu F.Paste F.Mask)
      (net 3 GND))
    (pad 9 smd rect (at 3 1) (size 0.75 0.4) (drill (offset -0.175 0)) (layers F.Cu F.Paste F.Mask)
      (net 6 "Net-(R2-Pad1)"))
    (pad 10 smd rect (at 3 0) (size 0.75 0.4) (drill (offset -0.175 0)) (layers F.Cu F.Paste F.Mask)
      (net 3 GND))
    (pad 11 smd rect (at 3 -1) (size 0.75 0.4) (drill (offset -0.175 0)) (layers F.Cu F.Paste F.Mask)
      (net 3 GND))
    (pad 4 smd rect (at -2 2.25) (size 0.4 0.75) (drill (offset 0 -0.175)) (layers F.Cu F.Paste F.Mask))
    (pad 5 smd rect (at -1 2.25) (size 0.4 0.75) (drill (offset 0 -0.175)) (layers F.Cu F.Paste F.Mask)
      (net 4 /SCL))
    (pad 6 smd rect (at 0 2.25) (size 0.4 0.75) (drill (offset 0 -0.175)) (layers F.Cu F.Paste F.Mask)
      (net 3 GND))
    (pad 7 smd rect (at 1 2.25) (size 0.4 0.75) (drill (offset 0 -0.175)) (layers F.Cu F.Paste F.Mask)
      (net 2 +3V3))
    (pad 8 smd rect (at 2 2.25) (size 0.4 0.75) (drill (offset 0 -0.175)) (layers F.Cu F.Paste F.Mask)
      (net 1 /SDA))
    (pad 12 smd rect (at 2 -2.25) (size 0.4 0.75) (drill (offset 0 0.175)) (layers F.Cu F.Paste F.Mask))
    (pad 13 smd rect (at 1 -2.25) (size 0.4 0.75) (drill (offset 0 0.175)) (layers F.Cu F.Paste F.Mask))
    (pad 14 smd rect (at 0 -2.25) (size 0.4 0.75) (drill (offset 0 0.175)) (layers F.Cu F.Paste F.Mask))
    (pad 15 smd rect (at -1 -2.25) (size 0.4 0.75) (drill (offset 0 0.175)) (layers F.Cu F.Paste F.Mask))
    (pad 16 smd rect (at -2 -2.25) (size 0.4 0.75) (drill (offset 0 0.175)) (layers F.Cu F.Paste F.Mask))
    (model ${KIPRJMOD}/3dmodels/SDP3x.wrl
      (at (xyz 0 0 0))
      (scale (xyz 0.393 0.393 0.393))
      (rotate (xyz -90 0 180))
    )
  )

  (module footprints:SDP3x (layer F.Cu) (tedit 5BB5C2F4) (tstamp 5BB5C504)
    (at 60 32.5)
    (path /5C72A3AE)
    (fp_text reference U6 (at 0.2 4.9) (layer F.SilkS)
      (effects (font (size 1 1) (thickness 0.15)))
    )
    (fp_text value SDP32 (at -0.1 -4.5) (layer F.Fab)
      (effects (font (size 1 1) (thickness 0.15)))
    )
    (fp_line (start -4.25 -2.75) (end 4.25 -2.75) (layer F.SilkS) (width 0.15))
    (fp_line (start 4.25 -2.75) (end 4.25 2.75) (layer F.SilkS) (width 0.15))
    (fp_line (start 4.25 2.75) (end -4.25 2.75) (layer F.SilkS) (width 0.15))
    (fp_line (start -4.25 2.75) (end -4.25 -2.75) (layer F.SilkS) (width 0.15))
    (pad 16 smd rect (at -2 -2.25) (size 0.4 0.75) (drill (offset 0 0.175)) (layers F.Cu F.Paste F.Mask))
    (pad 15 smd rect (at -1 -2.25) (size 0.4 0.75) (drill (offset 0 0.175)) (layers F.Cu F.Paste F.Mask))
    (pad 14 smd rect (at 0 -2.25) (size 0.4 0.75) (drill (offset 0 0.175)) (layers F.Cu F.Paste F.Mask))
    (pad 13 smd rect (at 1 -2.25) (size 0.4 0.75) (drill (offset 0 0.175)) (layers F.Cu F.Paste F.Mask))
    (pad 12 smd rect (at 2 -2.25) (size 0.4 0.75) (drill (offset 0 0.175)) (layers F.Cu F.Paste F.Mask))
    (pad 8 smd rect (at 2 2.25) (size 0.4 0.75) (drill (offset 0 -0.175)) (layers F.Cu F.Paste F.Mask)
      (net 1 /SDA))
    (pad 7 smd rect (at 1 2.25) (size 0.4 0.75) (drill (offset 0 -0.175)) (layers F.Cu F.Paste F.Mask)
      (net 2 +3V3))
    (pad 6 smd rect (at 0 2.25) (size 0.4 0.75) (drill (offset 0 -0.175)) (layers F.Cu F.Paste F.Mask)
      (net 3 GND))
    (pad 5 smd rect (at -1 2.25) (size 0.4 0.75) (drill (offset 0 -0.175)) (layers F.Cu F.Paste F.Mask)
      (net 4 /SCL))
    (pad 4 smd rect (at -2 2.25) (size 0.4 0.75) (drill (offset 0 -0.175)) (layers F.Cu F.Paste F.Mask))
    (pad 11 smd rect (at 3 -1) (size 0.75 0.4) (drill (offset -0.175 0)) (layers F.Cu F.Paste F.Mask)
      (net 3 GND))
    (pad 10 smd rect (at 3 0) (size 0.75 0.4) (drill (offset -0.175 0)) (layers F.Cu F.Paste F.Mask)
      (net 3 GND))
    (pad 9 smd rect (at 3 1) (size 0.75 0.4) (drill (offset -0.175 0)) (layers F.Cu F.Paste F.Mask)
      (net 7 "Net-(R3-Pad1)"))
    (pad 3 smd rect (at -3 1) (size 0.75 0.4) (drill (offset 0.175 0)) (layers F.Cu F.Paste F.Mask)
      (net 3 GND))
    (pad 2 smd rect (at -3 0) (size 0.75 0.4) (drill (offset 0.175 0)) (layers F.Cu F.Paste F.Mask)
      (net 3 GND))
    (pad 1 smd rect (at -3 -1) (size 0.75 0.4) (drill (offset 0.175 0)) (layers F.Cu F.Paste F.Mask)
      (net 3 GND))
    (pad "" np_thru_hole circle (at 3.65 -2.15) (size 1 1) (drill 0.7) (layers *.Cu *.Mask))
    (pad "" np_thru_hole circle (at 3.65 2.15) (size 1 1) (drill 0.7) (layers *.Cu *.Mask))
    (pad "" np_thru_hole circle (at -3.65 2.15) (size 1 1) (drill 0.7) (layers *.Cu *.Mask))
    (pad "" smd custom (at 0 -0.85) (size 0.1 0.1) (layers F.Cu F.Paste F.Mask)
      (zone_connect 0)
      (options (clearance outline) (anchor rect))
      (primitives
        (gr_poly (pts
           (xy -0.6 -0.45) (xy 0.9 -0.45) (xy 0.9 0.45) (xy -0.9 0.45) (xy -0.9 -0.15)
) (width 0))
      ))
    (pad "" smd rect (at 0 0.85) (size 1.8 0.9) (layers F.Cu F.Paste F.Mask))
    (model ${KIPRJMOD}/3dmodels/SDP3x.wrl
      (at (xyz 0 0 0))
      (scale (xyz 0.393 0.393 0.393))
      (rotate (xyz -90 0 180))
    )
  )

  (module footprints:MS5611-01BA (layer F.Cu) (tedit 52FFB14C) (tstamp 5BB5C809)
    (at 31.5 32.5 270)
    (tags "barometer sensor")
    (path /5C72D8E9)
    (fp_text reference U2 (at 4.5 0 270) (layer F.SilkS)
      (effects (font (size 0.5 0.5) (thickness 0.125)))
    )
    (fp_text value MS5611-01BA03 (at 0 0.7 270) (layer F.SilkS) hide
      (effects (font (size 0.5 0.5) (thickness 0.125)))
    )
    (fp_line (start -2.159 -2.54) (end -2.032 -2.54) (layer F.SilkS) (width 0.25))
    (pad 3 smd rect (at -1.1 0.625 270) (size 1.1 0.6) (layers F.Cu F.Paste F.Mask)
      (net 3 GND))
    (pad 4 smd rect (at -1.1 1.875 270) (size 1.1 0.6) (layers F.Cu F.Paste F.Mask)
      (net 2 +3V3))
    (pad 2 smd rect (at -1.1 -0.625 270) (size 1.1 0.6) (layers F.Cu F.Paste F.Mask)
      (net 2 +3V3))
    (pad 1 smd rect (at -1.1 -1.875 270) (size 1.1 0.6) (layers F.Cu F.Paste F.Mask)
      (net 2 +3V3))
    (pad 8 smd rect (at 1.1 -1.875 270) (size 1.1 0.6) (layers F.Cu F.Paste F.Mask)
      (net 4 /SCL))
    (pad 7 smd rect (at 1.1 -0.625 270) (size 1.1 0.6) (layers F.Cu F.Paste F.Mask)
      (net 1 /SDA))
    (pad 5 smd rect (at 1.1 1.875 270) (size 1.1 0.6) (layers F.Cu F.Paste F.Mask)
      (net 2 +3V3))
    (pad 6 smd rect (at 1.1 0.625 270) (size 1.1 0.6) (layers F.Cu F.Paste F.Mask))
    (model ${KIPRJMOD}/3dmodels/MS5611.wrl
      (offset (xyz -0.9 -0.3 0))
      (scale (xyz 0.393 0.393 0.393))
      (rotate (xyz 0 0 90))
    )
  )

  (module Capacitor_SMD:C_0603_1608Metric (layer F.Cu) (tedit 5B301BBE) (tstamp 5BD404C9)
    (at 55 34 90)
    (descr "Capacitor SMD 0603 (1608 Metric), square (rectangular) end terminal, IPC_7351 nominal, (Body size source: http://www.tortai-tech.com/upload/download/2011102023233369053.pdf), generated with kicad-footprint-generator")
    (tags capacitor)
    (path /5C72F65F)
    (attr smd)
    (fp_text reference C1 (at 0 -1.43 90) (layer F.SilkS)
      (effects (font (size 1 1) (thickness 0.15)))
    )
    (fp_text value 100nF (at 0 1.43 90) (layer F.Fab)
      (effects (font (size 1 1) (thickness 0.15)))
    )
    (fp_text user %R (at 0 0 90) (layer F.Fab)
      (effects (font (size 0.4 0.4) (thickness 0.06)))
    )
    (fp_line (start 1.48 0.73) (end -1.48 0.73) (layer F.CrtYd) (width 0.05))
    (fp_line (start 1.48 -0.73) (end 1.48 0.73) (layer F.CrtYd) (width 0.05))
    (fp_line (start -1.48 -0.73) (end 1.48 -0.73) (layer F.CrtYd) (width 0.05))
    (fp_line (start -1.48 0.73) (end -1.48 -0.73) (layer F.CrtYd) (width 0.05))
    (fp_line (start -0.162779 0.51) (end 0.162779 0.51) (layer F.SilkS) (width 0.12))
    (fp_line (start -0.162779 -0.51) (end 0.162779 -0.51) (layer F.SilkS) (width 0.12))
    (fp_line (start 0.8 0.4) (end -0.8 0.4) (layer F.Fab) (width 0.1))
    (fp_line (start 0.8 -0.4) (end 0.8 0.4) (layer F.Fab) (width 0.1))
    (fp_line (start -0.8 -0.4) (end 0.8 -0.4) (layer F.Fab) (width 0.1))
    (fp_line (start -0.8 0.4) (end -0.8 -0.4) (layer F.Fab) (width 0.1))
    (pad 2 smd roundrect (at 0.7875 0 90) (size 0.875 0.95) (layers F.Cu F.Paste F.Mask) (roundrect_rratio 0.25)
      (net 3 GND))
    (pad 1 smd roundrect (at -0.7875 0 90) (size 0.875 0.95) (layers F.Cu F.Paste F.Mask) (roundrect_rratio 0.25)
      (net 2 +3V3))
    (model ${KISYS3DMOD}/Capacitor_SMD.3dshapes/C_0603_1608Metric.wrl
      (at (xyz 0 0 0))
      (scale (xyz 1 1 1))
      (rotate (xyz 0 0 0))
    )
  )

  (module Capacitor_SMD:C_0603_1608Metric (layer B.Cu) (tedit 5B301BBE) (tstamp 5BD404DA)
    (at 65 34 90)
    (descr "Capacitor SMD 0603 (1608 Metric), square (rectangular) end terminal, IPC_7351 nominal, (Body size source: http://www.tortai-tech.com/upload/download/2011102023233369053.pdf), generated with kicad-footprint-generator")
    (tags capacitor)
    (path /5C7563E3)
    (attr smd)
    (fp_text reference C2 (at 0 1.43 90) (layer B.SilkS)
      (effects (font (size 1 1) (thickness 0.15)) (justify mirror))
    )
    (fp_text value 100nF (at 0 -1.43 90) (layer B.Fab)
      (effects (font (size 1 1) (thickness 0.15)) (justify mirror))
    )
    (fp_line (start -0.8 -0.4) (end -0.8 0.4) (layer B.Fab) (width 0.1))
    (fp_line (start -0.8 0.4) (end 0.8 0.4) (layer B.Fab) (width 0.1))
    (fp_line (start 0.8 0.4) (end 0.8 -0.4) (layer B.Fab) (width 0.1))
    (fp_line (start 0.8 -0.4) (end -0.8 -0.4) (layer B.Fab) (width 0.1))
    (fp_line (start -0.162779 0.51) (end 0.162779 0.51) (layer B.SilkS) (width 0.12))
    (fp_line (start -0.162779 -0.51) (end 0.162779 -0.51) (layer B.SilkS) (width 0.12))
    (fp_line (start -1.48 -0.73) (end -1.48 0.73) (layer B.CrtYd) (width 0.05))
    (fp_line (start -1.48 0.73) (end 1.48 0.73) (layer B.CrtYd) (width 0.05))
    (fp_line (start 1.48 0.73) (end 1.48 -0.73) (layer B.CrtYd) (width 0.05))
    (fp_line (start 1.48 -0.73) (end -1.48 -0.73) (layer B.CrtYd) (width 0.05))
    (fp_text user %R (at 0 0 90) (layer B.Fab)
      (effects (font (size 0.4 0.4) (thickness 0.06)) (justify mirror))
    )
    (pad 1 smd roundrect (at -0.7875 0 90) (size 0.875 0.95) (layers B.Cu B.Paste B.Mask) (roundrect_rratio 0.25)
      (net 2 +3V3))
    (pad 2 smd roundrect (at 0.7875 0 90) (size 0.875 0.95) (layers B.Cu B.Paste B.Mask) (roundrect_rratio 0.25)
      (net 3 GND))
    (model ${KISYS3DMOD}/Capacitor_SMD.3dshapes/C_0603_1608Metric.wrl
      (at (xyz 0 0 0))
      (scale (xyz 1 1 1))
      (rotate (xyz 0 0 0))
    )
  )

  (module Capacitor_SMD:C_0603_1608Metric (layer F.Cu) (tedit 5B301BBE) (tstamp 5BD404EB)
    (at 45 34 90)
    (descr "Capacitor SMD 0603 (1608 Metric), square (rectangular) end terminal, IPC_7351 nominal, (Body size source: http://www.tortai-tech.com/upload/download/2011102023233369053.pdf), generated with kicad-footprint-generator")
    (tags capacitor)
    (path /5C73A533)
    (attr smd)
    (fp_text reference C3 (at 0 -1.43 90) (layer F.SilkS)
      (effects (font (size 1 1) (thickness 0.15)))
    )
    (fp_text value 100nF (at 0 1.43 90) (layer F.Fab)
      (effects (font (size 1 1) (thickness 0.15)))
    )
    (fp_line (start -0.8 0.4) (end -0.8 -0.4) (layer F.Fab) (width 0.1))
    (fp_line (start -0.8 -0.4) (end 0.8 -0.4) (layer F.Fab) (width 0.1))
    (fp_line (start 0.8 -0.4) (end 0.8 0.4) (layer F.Fab) (width 0.1))
    (fp_line (start 0.8 0.4) (end -0.8 0.4) (layer F.Fab) (width 0.1))
    (fp_line (start -0.162779 -0.51) (end 0.162779 -0.51) (layer F.SilkS) (width 0.12))
    (fp_line (start -0.162779 0.51) (end 0.162779 0.51) (layer F.SilkS) (width 0.12))
    (fp_line (start -1.48 0.73) (end -1.48 -0.73) (layer F.CrtYd) (width 0.05))
    (fp_line (start -1.48 -0.73) (end 1.48 -0.73) (layer F.CrtYd) (width 0.05))
    (fp_line (start 1.48 -0.73) (end 1.48 0.73) (layer F.CrtYd) (width 0.05))
    (fp_line (start 1.48 0.73) (end -1.48 0.73) (layer F.CrtYd) (width 0.05))
    (fp_text user %R (at 0 0 90) (layer F.Fab)
      (effects (font (size 0.4 0.4) (thickness 0.06)))
    )
    (pad 1 smd roundrect (at -0.7875 0 90) (size 0.875 0.95) (layers F.Cu F.Paste F.Mask) (roundrect_rratio 0.25)
      (net 2 +3V3))
    (pad 2 smd roundrect (at 0.7875 0 90) (size 0.875 0.95) (layers F.Cu F.Paste F.Mask) (roundrect_rratio 0.25)
      (net 3 GND))
    (model ${KISYS3DMOD}/Capacitor_SMD.3dshapes/C_0603_1608Metric.wrl
      (at (xyz 0 0 0))
      (scale (xyz 1 1 1))
      (rotate (xyz 0 0 0))
    )
  )

  (module Capacitor_SMD:C_0603_1608Metric (layer B.Cu) (tedit 5B301BBE) (tstamp 5BD404FC)
    (at 41.6 30.2)
    (descr "Capacitor SMD 0603 (1608 Metric), square (rectangular) end terminal, IPC_7351 nominal, (Body size source: http://www.tortai-tech.com/upload/download/2011102023233369053.pdf), generated with kicad-footprint-generator")
    (tags capacitor)
    (path /5C722951)
    (attr smd)
    (fp_text reference C4 (at 0 1.43) (layer B.SilkS)
      (effects (font (size 1 1) (thickness 0.15)) (justify mirror))
    )
    (fp_text value 1uF (at 0 -1.43) (layer B.Fab)
      (effects (font (size 1 1) (thickness 0.15)) (justify mirror))
    )
    (fp_line (start -0.8 -0.4) (end -0.8 0.4) (layer B.Fab) (width 0.1))
    (fp_line (start -0.8 0.4) (end 0.8 0.4) (layer B.Fab) (width 0.1))
    (fp_line (start 0.8 0.4) (end 0.8 -0.4) (layer B.Fab) (width 0.1))
    (fp_line (start 0.8 -0.4) (end -0.8 -0.4) (layer B.Fab) (width 0.1))
    (fp_line (start -0.162779 0.51) (end 0.162779 0.51) (layer B.SilkS) (width 0.12))
    (fp_line (start -0.162779 -0.51) (end 0.162779 -0.51) (layer B.SilkS) (width 0.12))
    (fp_line (start -1.48 -0.73) (end -1.48 0.73) (layer B.CrtYd) (width 0.05))
    (fp_line (start -1.48 0.73) (end 1.48 0.73) (layer B.CrtYd) (width 0.05))
    (fp_line (start 1.48 0.73) (end 1.48 -0.73) (layer B.CrtYd) (width 0.05))
    (fp_line (start 1.48 -0.73) (end -1.48 -0.73) (layer B.CrtYd) (width 0.05))
    (fp_text user %R (at 0 0) (layer B.Fab)
      (effects (font (size 0.4 0.4) (thickness 0.06)) (justify mirror))
    )
    (pad 1 smd roundrect (at -0.7875 0) (size 0.875 0.95) (layers B.Cu B.Paste B.Mask) (roundrect_rratio 0.25)
      (net 8 +5V))
    (pad 2 smd roundrect (at 0.7875 0) (size 0.875 0.95) (layers B.Cu B.Paste B.Mask) (roundrect_rratio 0.25)
      (net 3 GND))
    (model ${KISYS3DMOD}/Capacitor_SMD.3dshapes/C_0603_1608Metric.wrl
      (at (xyz 0 0 0))
      (scale (xyz 1 1 1))
      (rotate (xyz 0 0 0))
    )
  )

  (module Capacitor_SMD:C_0603_1608Metric (layer B.Cu) (tedit 5B301BBE) (tstamp 5BD4050D)
    (at 39 31 270)
    (descr "Capacitor SMD 0603 (1608 Metric), square (rectangular) end terminal, IPC_7351 nominal, (Body size source: http://www.tortai-tech.com/upload/download/2011102023233369053.pdf), generated with kicad-footprint-generator")
    (tags capacitor)
    (path /5C75F76A)
    (attr smd)
    (fp_text reference C5 (at 0 1.43 270) (layer B.SilkS)
      (effects (font (size 1 1) (thickness 0.15)) (justify mirror))
    )
    (fp_text value 100nF (at 0 -1.43 270) (layer B.Fab)
      (effects (font (size 1 1) (thickness 0.15)) (justify mirror))
    )
    (fp_text user %R (at 0 0 270) (layer B.Fab)
      (effects (font (size 0.4 0.4) (thickness 0.06)) (justify mirror))
    )
    (fp_line (start 1.48 -0.73) (end -1.48 -0.73) (layer B.CrtYd) (width 0.05))
    (fp_line (start 1.48 0.73) (end 1.48 -0.73) (layer B.CrtYd) (width 0.05))
    (fp_line (start -1.48 0.73) (end 1.48 0.73) (layer B.CrtYd) (width 0.05))
    (fp_line (start -1.48 -0.73) (end -1.48 0.73) (layer B.CrtYd) (width 0.05))
    (fp_line (start -0.162779 -0.51) (end 0.162779 -0.51) (layer B.SilkS) (width 0.12))
    (fp_line (start -0.162779 0.51) (end 0.162779 0.51) (layer B.SilkS) (width 0.12))
    (fp_line (start 0.8 -0.4) (end -0.8 -0.4) (layer B.Fab) (width 0.1))
    (fp_line (start 0.8 0.4) (end 0.8 -0.4) (layer B.Fab) (width 0.1))
    (fp_line (start -0.8 0.4) (end 0.8 0.4) (layer B.Fab) (width 0.1))
    (fp_line (start -0.8 -0.4) (end -0.8 0.4) (layer B.Fab) (width 0.1))
    (pad 2 smd roundrect (at 0.7875 0 270) (size 0.875 0.95) (layers B.Cu B.Paste B.Mask) (roundrect_rratio 0.25)
      (net 3 GND))
    (pad 1 smd roundrect (at -0.7875 0 270) (size 0.875 0.95) (layers B.Cu B.Paste B.Mask) (roundrect_rratio 0.25)
      (net 2 +3V3))
    (model ${KISYS3DMOD}/Capacitor_SMD.3dshapes/C_0603_1608Metric.wrl
      (at (xyz 0 0 0))
      (scale (xyz 1 1 1))
      (rotate (xyz 0 0 0))
    )
  )

  (module Capacitor_SMD:C_0603_1608Metric (layer B.Cu) (tedit 5B301BBE) (tstamp 5BD4051E)
    (at 43.4 32.6 270)
    (descr "Capacitor SMD 0603 (1608 Metric), square (rectangular) end terminal, IPC_7351 nominal, (Body size source: http://www.tortai-tech.com/upload/download/2011102023233369053.pdf), generated with kicad-footprint-generator")
    (tags capacitor)
    (path /5C723048)
    (attr smd)
    (fp_text reference C6 (at 0 1.43 270) (layer B.SilkS)
      (effects (font (size 1 1) (thickness 0.15)) (justify mirror))
    )
    (fp_text value 0.01uF (at 0 -1.43 270) (layer B.Fab)
      (effects (font (size 1 1) (thickness 0.15)) (justify mirror))
    )
    (fp_text user %R (at 0 0 270) (layer B.Fab)
      (effects (font (size 0.4 0.4) (thickness 0.06)) (justify mirror))
    )
    (fp_line (start 1.48 -0.73) (end -1.48 -0.73) (layer B.CrtYd) (width 0.05))
    (fp_line (start 1.48 0.73) (end 1.48 -0.73) (layer B.CrtYd) (width 0.05))
    (fp_line (start -1.48 0.73) (end 1.48 0.73) (layer B.CrtYd) (width 0.05))
    (fp_line (start -1.48 -0.73) (end -1.48 0.73) (layer B.CrtYd) (width 0.05))
    (fp_line (start -0.162779 -0.51) (end 0.162779 -0.51) (layer B.SilkS) (width 0.12))
    (fp_line (start -0.162779 0.51) (end 0.162779 0.51) (layer B.SilkS) (width 0.12))
    (fp_line (start 0.8 -0.4) (end -0.8 -0.4) (layer B.Fab) (width 0.1))
    (fp_line (start 0.8 0.4) (end 0.8 -0.4) (layer B.Fab) (width 0.1))
    (fp_line (start -0.8 0.4) (end 0.8 0.4) (layer B.Fab) (width 0.1))
    (fp_line (start -0.8 -0.4) (end -0.8 0.4) (layer B.Fab) (width 0.1))
    (pad 2 smd roundrect (at 0.7875 0 270) (size 0.875 0.95) (layers B.Cu B.Paste B.Mask) (roundrect_rratio 0.25)
      (net 9 "Net-(C6-Pad2)"))
    (pad 1 smd roundrect (at -0.7875 0 270) (size 0.875 0.95) (layers B.Cu B.Paste B.Mask) (roundrect_rratio 0.25)
      (net 2 +3V3))
    (model ${KISYS3DMOD}/Capacitor_SMD.3dshapes/C_0603_1608Metric.wrl
      (at (xyz 0 0 0))
      (scale (xyz 1 1 1))
      (rotate (xyz 0 0 0))
    )
  )

  (module Capacitor_SMD:C_0603_1608Metric (layer F.Cu) (tedit 5B301BBE) (tstamp 5BD4052F)
    (at 65 34 90)
    (descr "Capacitor SMD 0603 (1608 Metric), square (rectangular) end terminal, IPC_7351 nominal, (Body size source: http://www.tortai-tech.com/upload/download/2011102023233369053.pdf), generated with kicad-footprint-generator")
    (tags capacitor)
    (path /5C73C351)
    (attr smd)
    (fp_text reference C7 (at 0 -1.43 90) (layer F.SilkS)
      (effects (font (size 1 1) (thickness 0.15)))
    )
    (fp_text value 100nF (at 0 1.43 90) (layer F.Fab)
      (effects (font (size 1 1) (thickness 0.15)))
    )
    (fp_text user %R (at 0 0 90) (layer F.Fab)
      (effects (font (size 0.4 0.4) (thickness 0.06)))
    )
    (fp_line (start 1.48 0.73) (end -1.48 0.73) (layer F.CrtYd) (width 0.05))
    (fp_line (start 1.48 -0.73) (end 1.48 0.73) (layer F.CrtYd) (width 0.05))
    (fp_line (start -1.48 -0.73) (end 1.48 -0.73) (layer F.CrtYd) (width 0.05))
    (fp_line (start -1.48 0.73) (end -1.48 -0.73) (layer F.CrtYd) (width 0.05))
    (fp_line (start -0.162779 0.51) (end 0.162779 0.51) (layer F.SilkS) (width 0.12))
    (fp_line (start -0.162779 -0.51) (end 0.162779 -0.51) (layer F.SilkS) (width 0.12))
    (fp_line (start 0.8 0.4) (end -0.8 0.4) (layer F.Fab) (width 0.1))
    (fp_line (start 0.8 -0.4) (end 0.8 0.4) (layer F.Fab) (width 0.1))
    (fp_line (start -0.8 -0.4) (end 0.8 -0.4) (layer F.Fab) (width 0.1))
    (fp_line (start -0.8 0.4) (end -0.8 -0.4) (layer F.Fab) (width 0.1))
    (pad 2 smd roundrect (at 0.7875 0 90) (size 0.875 0.95) (layers F.Cu F.Paste F.Mask) (roundrect_rratio 0.25)
      (net 3 GND))
    (pad 1 smd roundrect (at -0.7875 0 90) (size 0.875 0.95) (layers F.Cu F.Paste F.Mask) (roundrect_rratio 0.25)
      (net 2 +3V3))
    (model ${KISYS3DMOD}/Capacitor_SMD.3dshapes/C_0603_1608Metric.wrl
      (at (xyz 0 0 0))
      (scale (xyz 1 1 1))
      (rotate (xyz 0 0 0))
    )
  )

  (module Capacitor_SMD:C_0603_1608Metric (layer B.Cu) (tedit 5B301BBE) (tstamp 5BD40540)
    (at 39 33.8 90)
    (descr "Capacitor SMD 0603 (1608 Metric), square (rectangular) end terminal, IPC_7351 nominal, (Body size source: http://www.tortai-tech.com/upload/download/2011102023233369053.pdf), generated with kicad-footprint-generator")
    (tags capacitor)
    (path /5C723B73)
    (attr smd)
    (fp_text reference C8 (at 0 1.43 90) (layer B.SilkS)
      (effects (font (size 1 1) (thickness 0.15)) (justify mirror))
    )
    (fp_text value 10uF (at 0 -1.43 90) (layer B.Fab)
      (effects (font (size 1 1) (thickness 0.15)) (justify mirror))
    )
    (fp_line (start -0.8 -0.4) (end -0.8 0.4) (layer B.Fab) (width 0.1))
    (fp_line (start -0.8 0.4) (end 0.8 0.4) (layer B.Fab) (width 0.1))
    (fp_line (start 0.8 0.4) (end 0.8 -0.4) (layer B.Fab) (width 0.1))
    (fp_line (start 0.8 -0.4) (end -0.8 -0.4) (layer B.Fab) (width 0.1))
    (fp_line (start -0.162779 0.51) (end 0.162779 0.51) (layer B.SilkS) (width 0.12))
    (fp_line (start -0.162779 -0.51) (end 0.162779 -0.51) (layer B.SilkS) (width 0.12))
    (fp_line (start -1.48 -0.73) (end -1.48 0.73) (layer B.CrtYd) (width 0.05))
    (fp_line (start -1.48 0.73) (end 1.48 0.73) (layer B.CrtYd) (width 0.05))
    (fp_line (start 1.48 0.73) (end 1.48 -0.73) (layer B.CrtYd) (width 0.05))
    (fp_line (start 1.48 -0.73) (end -1.48 -0.73) (layer B.CrtYd) (width 0.05))
    (fp_text user %R (at 0 0 90) (layer B.Fab)
      (effects (font (size 0.4 0.4) (thickness 0.06)) (justify mirror))
    )
    (pad 1 smd roundrect (at -0.7875 0 90) (size 0.875 0.95) (layers B.Cu B.Paste B.Mask) (roundrect_rratio 0.25)
      (net 2 +3V3))
    (pad 2 smd roundrect (at 0.7875 0 90) (size 0.875 0.95) (layers B.Cu B.Paste B.Mask) (roundrect_rratio 0.25)
      (net 3 GND))
    (model ${KISYS3DMOD}/Capacitor_SMD.3dshapes/C_0603_1608Metric.wrl
      (at (xyz 0 0 0))
      (scale (xyz 1 1 1))
      (rotate (xyz 0 0 0))
    )
  )

  (module Connector_JST:JST_GH_BM04B-GHS-TBT_1x04-1MP_P1.25mm_Vertical (layer B.Cu) (tedit 5AA47DC8) (tstamp 5BD4056B)
    (at 58.5 32.5)
    (descr "JST GH series connector, BM04B-GHS-TBT (http://www.jst-mfg.com/product/pdf/eng/eGH.pdf), generated with kicad-footprint-generator")
    (tags "connector JST GH side entry")
    (path /5C6D3367)
    (attr smd)
    (fp_text reference J1 (at 0 4) (layer B.SilkS)
      (effects (font (size 1 1) (thickness 0.15)) (justify mirror))
    )
    (fp_text value I2C (at 0 -4) (layer B.Fab)
      (effects (font (size 1 1) (thickness 0.15)) (justify mirror))
    )
    (fp_line (start -4.125 -1.75) (end 4.125 -1.75) (layer B.Fab) (width 0.1))
    (fp_line (start -4.235 -0.26) (end -4.235 -1.86) (layer B.SilkS) (width 0.12))
    (fp_line (start -4.235 -1.86) (end -2.435 -1.86) (layer B.SilkS) (width 0.12))
    (fp_line (start -2.435 -1.86) (end -2.435 -2.8) (layer B.SilkS) (width 0.12))
    (fp_line (start 4.235 -0.26) (end 4.235 -1.86) (layer B.SilkS) (width 0.12))
    (fp_line (start 4.235 -1.86) (end 2.435 -1.86) (layer B.SilkS) (width 0.12))
    (fp_line (start -2.965 2.61) (end 2.965 2.61) (layer B.SilkS) (width 0.12))
    (fp_line (start -4.125 2.5) (end 4.125 2.5) (layer B.Fab) (width 0.1))
    (fp_line (start -4.125 -1.75) (end -4.125 2.5) (layer B.Fab) (width 0.1))
    (fp_line (start 4.125 -1.75) (end 4.125 2.5) (layer B.Fab) (width 0.1))
    (fp_line (start -2.125 0.5) (end -2.125 0) (layer B.Fab) (width 0.1))
    (fp_line (start -2.125 0) (end -1.625 0) (layer B.Fab) (width 0.1))
    (fp_line (start -1.625 0) (end -1.625 0.5) (layer B.Fab) (width 0.1))
    (fp_line (start -1.625 0.5) (end -2.125 0.5) (layer B.Fab) (width 0.1))
    (fp_line (start -0.875 0.5) (end -0.875 0) (layer B.Fab) (width 0.1))
    (fp_line (start -0.875 0) (end -0.375 0) (layer B.Fab) (width 0.1))
    (fp_line (start -0.375 0) (end -0.375 0.5) (layer B.Fab) (width 0.1))
    (fp_line (start -0.375 0.5) (end -0.875 0.5) (layer B.Fab) (width 0.1))
    (fp_line (start 0.375 0.5) (end 0.375 0) (layer B.Fab) (width 0.1))
    (fp_line (start 0.375 0) (end 0.875 0) (layer B.Fab) (width 0.1))
    (fp_line (start 0.875 0) (end 0.875 0.5) (layer B.Fab) (width 0.1))
    (fp_line (start 0.875 0.5) (end 0.375 0.5) (layer B.Fab) (width 0.1))
    (fp_line (start 1.625 0.5) (end 1.625 0) (layer B.Fab) (width 0.1))
    (fp_line (start 1.625 0) (end 2.125 0) (layer B.Fab) (width 0.1))
    (fp_line (start 2.125 0) (end 2.125 0.5) (layer B.Fab) (width 0.1))
    (fp_line (start 2.125 0.5) (end 1.625 0.5) (layer B.Fab) (width 0.1))
    (fp_line (start -4.72 3.3) (end -4.72 -3.3) (layer B.CrtYd) (width 0.05))
    (fp_line (start -4.72 -3.3) (end 4.72 -3.3) (layer B.CrtYd) (width 0.05))
    (fp_line (start 4.72 -3.3) (end 4.72 3.3) (layer B.CrtYd) (width 0.05))
    (fp_line (start 4.72 3.3) (end -4.72 3.3) (layer B.CrtYd) (width 0.05))
    (fp_line (start -2.375 -1.75) (end -1.875 -1.042893) (layer B.Fab) (width 0.1))
    (fp_line (start -1.875 -1.042893) (end -1.375 -1.75) (layer B.Fab) (width 0.1))
    (fp_text user %R (at 0 1.5) (layer B.Fab)
      (effects (font (size 1 1) (thickness 0.15)) (justify mirror))
    )
    (pad 1 smd rect (at -1.875 -1.95) (size 0.6 1.7) (layers B.Cu B.Paste B.Mask)
      (net 8 +5V))
    (pad 2 smd rect (at -0.625 -1.95) (size 0.6 1.7) (layers B.Cu B.Paste B.Mask)
      (net 4 /SCL))
    (pad 3 smd rect (at 0.625 -1.95) (size 0.6 1.7) (layers B.Cu B.Paste B.Mask)
      (net 1 /SDA))
    (pad 4 smd rect (at 1.875 -1.95) (size 0.6 1.7) (layers B.Cu B.Paste B.Mask)
      (net 3 GND))
    (pad MP smd rect (at -3.725 1.4) (size 1 2.8) (layers B.Cu B.Paste B.Mask))
    (pad MP smd rect (at 3.725 1.4) (size 1 2.8) (layers B.Cu B.Paste B.Mask))
    (model ${KISYS3DMOD}/Connector_JST.3dshapes/JST_GH_BM04B-GHS-TBT_1x04-1MP_P1.25mm_Vertical.wrl
      (at (xyz 0 0 0))
      (scale (xyz 1 1 1))
      (rotate (xyz 0 0 0))
    )
  )

  (module Connector_JST:JST_GH_BM04B-GHS-TBT_1x04-1MP_P1.25mm_Vertical (layer B.Cu) (tedit 5AA47DC8) (tstamp 5BD40596)
    (at 48.5 32.5)
    (descr "JST GH series connector, BM04B-GHS-TBT (http://www.jst-mfg.com/product/pdf/eng/eGH.pdf), generated with kicad-footprint-generator")
    (tags "connector JST GH side entry")
    (path /5C72132D)
    (attr smd)
    (fp_text reference J2 (at 0 4) (layer B.SilkS)
      (effects (font (size 1 1) (thickness 0.15)) (justify mirror))
    )
    (fp_text value I2C (at 0 -4) (layer B.Fab)
      (effects (font (size 1 1) (thickness 0.15)) (justify mirror))
    )
    (fp_text user %R (at 0 1.5) (layer B.Fab)
      (effects (font (size 1 1) (thickness 0.15)) (justify mirror))
    )
    (fp_line (start -1.875 -1.042893) (end -1.375 -1.75) (layer B.Fab) (width 0.1))
    (fp_line (start -2.375 -1.75) (end -1.875 -1.042893) (layer B.Fab) (width 0.1))
    (fp_line (start 4.72 3.3) (end -4.72 3.3) (layer B.CrtYd) (width 0.05))
    (fp_line (start 4.72 -3.3) (end 4.72 3.3) (layer B.CrtYd) (width 0.05))
    (fp_line (start -4.72 -3.3) (end 4.72 -3.3) (layer B.CrtYd) (width 0.05))
    (fp_line (start -4.72 3.3) (end -4.72 -3.3) (layer B.CrtYd) (width 0.05))
    (fp_line (start 2.125 0.5) (end 1.625 0.5) (layer B.Fab) (width 0.1))
    (fp_line (start 2.125 0) (end 2.125 0.5) (layer B.Fab) (width 0.1))
    (fp_line (start 1.625 0) (end 2.125 0) (layer B.Fab) (width 0.1))
    (fp_line (start 1.625 0.5) (end 1.625 0) (layer B.Fab) (width 0.1))
    (fp_line (start 0.875 0.5) (end 0.375 0.5) (layer B.Fab) (width 0.1))
    (fp_line (start 0.875 0) (end 0.875 0.5) (layer B.Fab) (width 0.1))
    (fp_line (start 0.375 0) (end 0.875 0) (layer B.Fab) (width 0.1))
    (fp_line (start 0.375 0.5) (end 0.375 0) (layer B.Fab) (width 0.1))
    (fp_line (start -0.375 0.5) (end -0.875 0.5) (layer B.Fab) (width 0.1))
    (fp_line (start -0.375 0) (end -0.375 0.5) (layer B.Fab) (width 0.1))
    (fp_line (start -0.875 0) (end -0.375 0) (layer B.Fab) (width 0.1))
    (fp_line (start -0.875 0.5) (end -0.875 0) (layer B.Fab) (width 0.1))
    (fp_line (start -1.625 0.5) (end -2.125 0.5) (layer B.Fab) (width 0.1))
    (fp_line (start -1.625 0) (end -1.625 0.5) (layer B.Fab) (width 0.1))
    (fp_line (start -2.125 0) (end -1.625 0) (layer B.Fab) (width 0.1))
    (fp_line (start -2.125 0.5) (end -2.125 0) (layer B.Fab) (width 0.1))
    (fp_line (start 4.125 -1.75) (end 4.125 2.5) (layer B.Fab) (width 0.1))
    (fp_line (start -4.125 -1.75) (end -4.125 2.5) (layer B.Fab) (width 0.1))
    (fp_line (start -4.125 2.5) (end 4.125 2.5) (layer B.Fab) (width 0.1))
    (fp_line (start -2.965 2.61) (end 2.965 2.61) (layer B.SilkS) (width 0.12))
    (fp_line (start 4.235 -1.86) (end 2.435 -1.86) (layer B.SilkS) (width 0.12))
    (fp_line (start 4.235 -0.26) (end 4.235 -1.86) (layer B.SilkS) (width 0.12))
    (fp_line (start -2.435 -1.86) (end -2.435 -2.8) (layer B.SilkS) (width 0.12))
    (fp_line (start -4.235 -1.86) (end -2.435 -1.86) (layer B.SilkS) (width 0.12))
    (fp_line (start -4.235 -0.26) (end -4.235 -1.86) (layer B.SilkS) (width 0.12))
    (fp_line (start -4.125 -1.75) (end 4.125 -1.75) (layer B.Fab) (width 0.1))
    (pad MP smd rect (at 3.725 1.4) (size 1 2.8) (layers B.Cu B.Paste B.Mask))
    (pad MP smd rect (at -3.725 1.4) (size 1 2.8) (layers B.Cu B.Paste B.Mask))
    (pad 4 smd rect (at 1.875 -1.95) (size 0.6 1.7) (layers B.Cu B.Paste B.Mask)
      (net 3 GND))
    (pad 3 smd rect (at 0.625 -1.95) (size 0.6 1.7) (layers B.Cu B.Paste B.Mask)
      (net 1 /SDA))
    (pad 2 smd rect (at -0.625 -1.95) (size 0.6 1.7) (layers B.Cu B.Paste B.Mask)
      (net 4 /SCL))
    (pad 1 smd rect (at -1.875 -1.95) (size 0.6 1.7) (layers B.Cu B.Paste B.Mask)
      (net 8 +5V))
    (model ${KISYS3DMOD}/Connector_JST.3dshapes/JST_GH_BM04B-GHS-TBT_1x04-1MP_P1.25mm_Vertical.wrl
      (at (xyz 0 0 0))
      (scale (xyz 1 1 1))
      (rotate (xyz 0 0 0))
    )
  )

  (module Resistor_SMD:R_0603_1608Metric (layer F.Cu) (tedit 5B301BBD) (tstamp 5BD405A7)
    (at 55 31 270)
    (descr "Resistor SMD 0603 (1608 Metric), square (rectangular) end terminal, IPC_7351 nominal, (Body size source: http://www.tortai-tech.com/upload/download/2011102023233369053.pdf), generated with kicad-footprint-generator")
    (tags resistor)
    (path /5C727F8E)
    (attr smd)
    (fp_text reference R1 (at 0 -1.43 270) (layer F.SilkS)
      (effects (font (size 1 1) (thickness 0.15)))
    )
    (fp_text value 0 (at 0 1.43 270) (layer F.Fab)
      (effects (font (size 1 1) (thickness 0.15)))
    )
    (fp_line (start -0.8 0.4) (end -0.8 -0.4) (layer F.Fab) (width 0.1))
    (fp_line (start -0.8 -0.4) (end 0.8 -0.4) (layer F.Fab) (width 0.1))
    (fp_line (start 0.8 -0.4) (end 0.8 0.4) (layer F.Fab) (width 0.1))
    (fp_line (start 0.8 0.4) (end -0.8 0.4) (layer F.Fab) (width 0.1))
    (fp_line (start -0.162779 -0.51) (end 0.162779 -0.51) (layer F.SilkS) (width 0.12))
    (fp_line (start -0.162779 0.51) (end 0.162779 0.51) (layer F.SilkS) (width 0.12))
    (fp_line (start -1.48 0.73) (end -1.48 -0.73) (layer F.CrtYd) (width 0.05))
    (fp_line (start -1.48 -0.73) (end 1.48 -0.73) (layer F.CrtYd) (width 0.05))
    (fp_line (start 1.48 -0.73) (end 1.48 0.73) (layer F.CrtYd) (width 0.05))
    (fp_line (start 1.48 0.73) (end -1.48 0.73) (layer F.CrtYd) (width 0.05))
    (fp_text user %R (at 0 0 270) (layer F.Fab)
      (effects (font (size 0.4 0.4) (thickness 0.06)))
    )
    (pad 1 smd roundrect (at -0.7875 0 270) (size 0.875 0.95) (layers F.Cu F.Paste F.Mask) (roundrect_rratio 0.25)
      (net 5 "Net-(R1-Pad1)"))
    (pad 2 smd roundrect (at 0.7875 0 270) (size 0.875 0.95) (layers F.Cu F.Paste F.Mask) (roundrect_rratio 0.25)
      (net 3 GND))
    (model ${KISYS3DMOD}/Resistor_SMD.3dshapes/R_0603_1608Metric.wrl
      (at (xyz 0 0 0))
      (scale (xyz 1 1 1))
      (rotate (xyz 0 0 0))
    )
  )

  (module Resistor_SMD:R_0603_1608Metric (layer F.Cu) (tedit 5B301BBD) (tstamp 5BD405B8)
    (at 45 31 270)
    (descr "Resistor SMD 0603 (1608 Metric), square (rectangular) end terminal, IPC_7351 nominal, (Body size source: http://www.tortai-tech.com/upload/download/2011102023233369053.pdf), generated with kicad-footprint-generator")
    (tags resistor)
    (path /5C72931A)
    (attr smd)
    (fp_text reference R2 (at 0 -1.43 270) (layer F.SilkS)
